,customer_id,recommendation
0,2,"[448, 384, 451, 452, 413, 447, 418, 806, 519, 807]"
1,3,"[800, 646, 510, 161, 600, 872, 106, 146, 950, 509]"
2,4,"[436, 674, 931, 838, 266, 810, 533, 857, 317, 415]"
3,5,"[703, 4, 1, 161, 654, 304, 856, 158, 227, 973]"
4,6,"[475, 451, 474, 318, 229, 796, 120, 758, 457, 458]"
5,7,"[464, 814, 511, 564, 767, 311, 704, 835, 558, 400]"
6,8,"[112, 248, 120, 758, 234, 242, 245, 247, 89, 6]"
7,9,"[724, 61, 58, 638, 399, 454, 57, 715, 498, 253]"
8,10,"[137, 564, 413, 807, 767, 105, 783, 71, 169, 553]"
9,11,"[202, 665, 635, 367, 482, 643, 102, 935, 615, 239]"
10,13,"[130, 284, 807, 561, 668, 196, 17, 524, 90, 604]"
11,14,"[426, 334, 737, 132, 503, 463, 516, 399, 762, 294]"
12,15,"[318, 177, 85, 470, 681, 81, 255, 381, 445, 849]"
13,16,"[387, 99, 884, 946, 254, 503, 355, 903, 82, 169]"
14,17,"[137, 414, 91, 807, 365, 405, 804, 398, 229, 509]"
15,18,"[207, 177, 66, 343, 71, 176, 212, 67, 251, 156]"
16,19,"[16, 17, 19, 40, 474, 579, 57, 604, 605, 486]"
17,22,"[124, 288, 535, 120, 1, 2, 4, 602, 859, 443]"
18,23,"[649, 761, 71, 482, 276, 355, 353, 420, 217, 835]"
19,24,"[672, 469, 838, 58, 180, 717, 564, 608, 609, 325]"
20,25,"[723, 781, 29, 413, 307, 744, 718, 503, 469, 132]"
21,26,"[758, 923, 160, 724, 428, 225, 63, 35, 765, 463]"
22,27,"[503, 63, 349, 100, 496, 222, 347, 341, 72, 207]"
23,28,"[402, 590, 44, 551, 387, 330, 509, 547, 346, 654]"
24,29,"[576, 574, 318, 655, 636, 328, 800, 2, 4, 872]"
25,30,"[304, 359, 1, 276, 225, 923, 762, 463, 99, 85]"
26,31,"[617, 631, 504, 35, 174, 623, 591, 563, 724, 725]"
27,32,"[82, 64, 556, 186, 623, 636, 375, 431, 839, 169]"
28,33,"[2, 366, 761, 834, 169, 459, 291, 292, 413, 777]"
29,34,"[100, 265, 285, 9, 776, 337, 830, 543, 768, 962]"
30,35,"[330, 278, 714, 82, 69, 816, 343, 265, 144, 883]"
31,37,"[69, 402, 381, 367, 494, 166, 678, 248, 50, 253]"
32,38,"[509, 664, 903, 229, 616, 382, 85, 712, 465, 793]"
33,39,"[806, 99, 451, 645, 438, 832, 833, 488, 497, 147]"
34,40,"[621, 235, 119, 152, 105, 519, 496, 635, 424, 425]"
35,41,"[472, 126, 12, 973, 974, 623, 326, 347, 947, 825]"
36,42,"[403, 350, 576, 149, 574, 242, 245, 247, 248, 89]"
37,43,"[279, 265, 100, 524, 219, 278, 364, 187, 2, 762]"
38,44,"[29, 808, 409, 128, 321, 217, 25, 26, 576, 149]"
39,45,"[17, 159, 128, 202, 425, 585, 741, 968, 153, 833]"
40,46,"[479, 67, 804, 471, 169, 177, 830, 65, 66, 68]"
41,48,"[189, 9, 779, 186, 239, 157, 162, 829, 16, 17]"
42,49,"[63, 849, 784, 847, 590, 727, 229, 137, 426, 188]"
43,50,"[762, 237, 330, 417, 74, 431, 48, 596, 440, 670]"
44,51,"[507, 508, 578, 900, 581, 210, 595, 918, 347, 931]"
45,53,"[57, 670, 655, 323, 614, 615, 265, 189, 9, 736]"
46,54,"[96, 535, 826, 724, 132, 346, 347, 348, 349, 454]"
47,55,"[180, 181, 176, 620, 66, 364, 4, 330, 686, 222]"
48,56,"[505, 419, 716, 477, 451, 433, 17, 603, 252, 33]"
49,57,"[643, 909, 656, 565, 123, 574, 64, 658, 19, 278]"
50,58,"[246, 343, 328, 649, 128, 469, 723, 106, 248, 326]"
51,59,"[322, 53, 554, 356, 225, 285, 486, 135, 130, 765]"
52,60,"[144, 529, 83, 686, 795, 246, 535, 607, 195, 197]"
53,61,"[480, 129, 474, 172, 426, 427, 429, 431, 58, 100]"
54,63,"[398, 246, 82, 310, 359, 445, 772, 144, 628, 630]"
55,64,"[562, 892, 378, 63, 128, 222, 134, 656, 459, 288]"
56,65,"[390, 334, 786, 724, 789, 790, 930, 519, 233, 778]"
57,66,"[74, 420, 807, 849, 489, 45, 692, 761, 112, 176]"
58,67,"[310, 816, 177, 398, 345, 971, 344, 126, 120, 500]"
59,68,"[239, 792, 398, 171, 157, 811, 328, 214, 135, 126]"
60,69,"[737, 893, 462, 679, 682, 556, 176, 410, 297, 694]"
61,70,"[820, 176, 431, 208, 412, 237, 582, 279, 639, 261]"
62,71,"[761, 353, 420, 74, 101, 102, 932, 482, 870, 617]"
63,72,"[480, 621, 489, 477, 201, 416, 581, 251, 524, 359]"
64,74,"[71, 73, 74, 75, 751, 739, 462, 138, 174, 850]"
65,75,"[822, 781, 586, 872, 469, 119, 504, 807, 360, 813]"
66,76,"[61, 334, 464, 426, 294, 427, 429, 431, 810, 366]"
67,77,"[44, 622, 233, 91, 212, 159, 740, 248, 703, 656]"
68,78,"[733, 648, 132, 176, 665, 382, 388, 808, 247, 469]"
69,79,"[80, 46, 774, 73, 654, 451, 551, 436, 550, 375]"
70,80,"[857, 546, 100, 778, 975, 406, 353, 769, 581, 621]"
71,81,"[278, 762, 59, 165, 736, 283, 669, 197, 238, 277]"
72,82,"[99, 169, 355, 761, 758, 292, 24, 21, 22, 23]"
73,84,"[294, 299, 105, 116, 488, 552, 662, 663, 792, 730]"
74,85,"[61, 63, 399, 678, 638, 59, 60, 400, 24, 37]"
75,86,"[157, 341, 400, 480, 129, 172, 474, 451, 299, 17]"
76,87,"[65, 428, 688, 122, 185, 451, 645, 601, 630, 733]"
77,88,"[645, 185, 806, 41, 543, 299, 433, 480, 251, 771]"
78,89,"[552, 890, 963, 139, 524, 207, 17, 210, 795, 796]"
79,91,"[724, 748, 32, 288, 287, 298, 299, 688, 122, 826]"
80,92,"[546, 641, 816, 709, 361, 620, 17, 18, 19, 137]"
81,93,"[24, 485, 737, 33, 132, 157, 58, 71, 348, 712]"
82,94,"[66, 119, 489, 724, 388, 623, 322, 381, 68, 152]"
83,95,"[623, 12, 973, 974, 260, 479, 225, 731, 61, 146]"
84,96,"[65, 480, 64, 658, 16, 381, 302, 17, 414, 648]"
85,97,"[126, 359, 237, 271, 536, 377, 472, 106, 227, 256]"
86,98,"[85, 67, 381, 383, 129, 172, 333, 341, 474, 175]"
87,99,"[744, 123, 166, 413, 132, 57, 605, 870, 707, 736]"
88,100,"[598, 620, 260, 581, 567, 600, 141, 13, 591, 599]"
89,101,"[776, 128, 208, 61, 63, 135, 426, 503, 546, 294]"
90,102,"[160, 157, 61, 762, 304, 364, 798, 923, 126, 473]"
91,103,"[126, 63, 576, 147, 146, 581, 316, 145, 132, 326]"
92,104,"[281, 714, 383, 672, 673, 385, 357, 229, 111, 656]"
93,105,"[2, 590, 293, 171, 523, 346, 222, 229, 144, 807]"
94,106,"[366, 8, 317, 532, 464, 288, 535, 353, 162, 99]"
95,107,"[776, 208, 100, 132, 134, 495, 496, 498, 51, 436]"
96,108,"[61, 132, 104, 165, 82, 781, 386, 323, 899, 655]"
97,109,"[157, 4, 774, 246, 238, 237, 536, 377, 307, 67]"
98,110,"[24, 96, 423, 9, 50, 311, 151, 353, 162, 99]"
99,111,"[833, 607, 690, 237, 724, 64, 639, 83, 267, 953]"
100,112,"[343, 317, 636, 82, 321, 4, 314, 289, 475, 671]"
101,113,"[451, 100, 293, 296, 171, 157, 496, 635, 58, 524]"
102,114,"[44, 413, 143, 723, 222, 402, 461, 425, 309, 644]"
103,115,"[485, 922, 782, 503, 788, 704, 590, 323, 176, 157]"
104,116,"[776, 398, 99, 387, 58, 562, 740, 436, 248, 375]"
105,117,"[123, 106, 145, 148, 811, 232, 233, 229, 231, 913]"
106,118,"[812, 52, 798, 23, 149, 642, 99, 932, 931, 900]"
107,119,"[238, 376, 366, 176, 431, 674, 676, 41, 413, 414]"
108,120,"[67, 135, 477, 294, 334, 335, 336, 337, 338, 339]"
109,121,"[865, 866, 867, 868, 869, 500, 795]"
110,122,"[556, 248, 808, 376, 366, 177, 69, 174, 173, 412]"
111,123,"[207, 463, 63, 666, 252, 402, 37, 86, 777, 288]"
112,124,"[725, 556, 649, 929, 642, 137, 897, 804, 106, 176]"
113,125,"[864, 65, 772, 425, 862, 690, 445, 478, 863, 545]"
114,126,"[641, 776, 777, 458, 778, 495, 74, 431, 48, 276]"
115,127,"[489, 355, 490, 492, 470, 479, 126, 106, 377, 942]"
116,128,"[543, 645, 716, 16, 384, 207, 413, 73, 503, 298]"
117,129,"[96, 423, 9, 50, 311, 24, 511]"
118,130,"[715, 307, 485, 797, 668, 196, 382, 796, 524, 40]"
119,131,"[371, 694, 58, 564, 535, 259, 262, 497, 699, 700]"
120,132,"[654, 244, 950, 764, 795, 126, 296, 105, 651, 460]"
121,133,"[643, 736, 276, 669, 472, 52, 61, 775, 130, 53]"
122,134,"[232, 233, 234, 229, 160, 225, 609, 737, 71, 713]"
123,135,"[123, 148, 152, 363, 459, 365, 655, 212, 318, 490]"
124,136,"[222, 67, 724, 577, 734, 686, 469, 660, 350, 388]"
125,137,"[403, 930, 519, 233, 778, 350, 382, 73, 302, 363]"
126,138,"[638, 82, 310, 143, 714, 344, 65, 345, 832, 822]"
127,139,"[171, 123, 168, 170, 35, 617, 174, 591, 623, 563]"
128,140,"[223, 139, 540, 665, 387, 460, 29, 496, 146, 318]"
129,141,"[119, 793, 376, 366, 176, 431, 630, 412, 237, 582]"
130,142,"[123, 206, 316, 403, 17, 425, 475, 724, 758, 458]"
131,143,"[161, 2, 3, 4, 70, 645, 646, 11, 654, 304]"
132,144,"[451, 856, 2, 161, 600, 764, 61, 32, 509, 425]"
133,145,"[590, 694, 69, 461, 779, 180, 144, 388, 565, 21]"
134,146,"[99, 316, 74, 102, 804, 835, 972, 16, 671, 640]"
135,147,"[546, 637, 174, 462, 633, 119, 632, 634, 635, 636]"
136,148,"[610, 643, 309, 776, 528, 613, 462, 772, 773, 614]"
137,149,"[142, 899, 137, 143, 222, 229, 139, 214, 272, 386]"
138,150,"[621, 769, 19, 318, 119, 523, 111, 40, 41, 42]"
139,152,"[719, 322, 861, 294, 890, 963, 453, 424, 425, 109]"
140,153,"[395, 463, 589, 253, 210, 903, 451, 73, 587, 459]"
141,154,"[256, 64, 258, 260, 255, 484, 804, 73, 80, 882]"
142,155,"[265, 189, 9, 130, 53, 283, 284, 286, 386, 323]"
143,156,"[16, 4, 540, 310, 529, 316, 526, 359, 82, 541]"
144,157,"[329, 330, 609, 475, 538, 536, 288, 96, 497, 4]"
145,158,"[402, 145, 523, 469, 790, 233, 19, 565, 63, 551]"
146,159,"[744, 835, 838, 412, 237, 582, 375, 488, 770, 719]"
147,160,"[201, 759, 558, 368, 272, 402, 755, 756, 757, 758]"
148,161,"[141, 144, 139, 137, 551, 138, 140, 969, 162, 940]"
149,163,"[309, 612, 950, 207, 8, 366, 375, 51, 469, 58]"
150,164,"[66, 205, 64, 65, 67, 69, 679, 556, 176, 372]"
151,165,"[58, 646, 748, 85, 1, 463, 472, 283, 334, 33]"
152,166,"[83, 51, 14, 841, 294, 296, 723, 410, 648, 128]"
153,167,"[564, 654, 137, 267, 425, 27, 119, 478, 154, 294]"
154,169,"[16, 458, 365, 550, 100, 778, 975, 406, 415, 637]"
155,170,"[171, 167, 724, 99, 168, 482, 870, 777, 588, 467]"
156,171,"[167, 126, 168, 648, 564, 137, 44, 371, 590, 638]"
157,172,"[608, 19, 325, 103, 43, 538, 606, 529, 491, 827]"
158,173,"[137, 807, 764, 80, 558, 79, 13, 402, 556, 159]"
159,174,"[891, 120, 496, 593, 834, 248, 413, 164, 328, 363]"
160,175,"[282, 413, 486, 483, 638, 550, 457, 490, 620, 814]"
161,176,"[66, 259, 157, 294, 459, 291, 292, 239, 410, 923]"
162,177,"[58, 144, 106, 581, 826, 61, 459, 835, 704, 32]"
163,178,"[321, 509, 483, 947, 126, 543, 320, 2, 526, 475]"
164,179,"[65, 389, 936, 937, 715, 498, 61, 445, 32, 33]"
165,181,"[170, 359, 38, 469, 168, 592, 33, 692, 472, 227]"
166,182,"[332, 798, 126, 756, 654, 380, 161, 174, 595, 677]"
167,184,"[333, 441, 122, 945, 506, 400, 586, 395, 792, 425]"
168,185,"[486, 67, 382, 193, 834, 83, 157, 57, 90, 604]"
169,186,"[758, 953, 128, 176, 117, 29, 938, 830, 641, 601]"
170,187,"[307, 126, 790, 617, 641, 283, 276, 38, 789, 769]"
171,190,"[730, 731, 341, 199, 33, 454, 455, 328, 301, 78]"
172,191,"[403, 715, 161, 638, 144, 628, 343, 762, 59, 276]"
173,192,"[63, 210, 712, 348, 413, 269, 279, 882, 770, 205]"
174,193,"[72, 737, 463, 884, 174, 169, 564, 386, 46, 331]"
175,194,"[407, 635, 47, 856, 619, 645, 669, 546, 100, 778]"
176,195,"[33, 454, 328, 301, 78, 441, 320, 451, 8, 137]"
177,197,"[277, 197, 238, 279, 762, 99, 417, 597, 285, 19]"
178,198,"[125, 120, 29, 274, 159, 316, 458, 656, 346, 551]"
179,199,"[280, 354, 932, 353, 104, 74, 101, 102, 578, 900]"
180,201,"[488, 636, 894, 895, 126, 595, 59, 276, 165, 907]"
181,202,"[451, 137, 1, 330, 704, 143, 646, 611, 493, 800]"
182,203,"[781, 660, 309, 401, 100, 376, 41, 167, 498, 452]"
183,205,"[611, 139, 612, 412, 105, 640, 856, 615, 857, 557]"
184,206,"[126, 488, 484, 116, 781, 41, 414, 485, 381, 63]"
185,207,"[227, 126, 38, 58, 724, 852, 32, 685, 614, 615]"
186,208,"[208, 100, 494, 637, 16, 596, 622, 756, 568, 673]"
187,209,"[99, 248, 120, 57, 71, 354, 675, 263, 198, 421]"
188,211,"[238, 798, 57, 668, 448, 355, 217, 580, 74, 779]"
189,213,"[554, 413, 353, 483, 770, 436, 116, 398, 435, 104]"
190,214,"[132, 463, 509, 425, 112, 116, 339, 503, 462, 272]"
191,215,"[790, 510, 176, 144, 1, 413, 142, 559, 4, 157]"
192,217,"[16, 403, 353, 623, 111, 361, 469, 930, 483, 425]"
193,218,"[611, 469, 322, 553, 320, 678, 201, 10, 376, 640]"
194,219,"[344, 343, 359, 360, 392, 942, 76, 65, 540, 541]"
195,220,"[280, 508]"
196,221,"[364, 359, 392, 76, 748, 886, 248, 202, 167, 345]"
197,222,"[208, 495, 463, 486, 563, 66, 715, 302, 436, 380]"
198,224,"[85, 903, 630, 212, 251, 439, 459, 664, 795, 277]"
199,225,"[100, 8, 187, 670, 236, 266, 10, 6, 7, 130]"
200,226,"[304, 238, 108, 120, 378, 736, 252, 85, 733, 383]"
201,227,"[58, 161, 38, 645, 32, 2, 4, 835, 70, 463]"
202,228,"[321, 73, 451, 830, 573, 734, 520, 179, 222, 542]"
203,229,"[276, 55, 451, 181, 923, 452, 216, 220, 238, 354]"
204,230,"[17, 296, 474, 383, 298, 301, 67, 578, 328, 106]"
205,231,"[553, 835, 558, 23, 645, 144, 528, 604, 509, 766]"
206,232,"[375, 99, 208, 556, 410, 496, 788, 339, 705, 709]"
207,233,"[58, 24, 133, 489, 426, 376, 375, 98, 157, 624]"
208,234,"[458, 307, 723, 497, 259, 546, 248, 330, 756, 176]"
209,235,"[176, 776, 457, 883, 568, 409, 366, 816, 410, 376]"
210,236,"[57, 509, 544, 623, 592, 176, 882, 339, 655, 286]"
211,237,"[472, 969, 12, 973, 974, 623, 134, 224, 225, 226]"
212,239,"[645, 299, 185, 438, 520, 179, 222, 542, 321, 723]"
213,240,"[44, 299, 33, 19, 23, 477, 764, 504, 57, 822]"
214,242,"[237, 181, 4, 157, 32, 509, 556, 66, 357, 565]"
215,244,"[41, 608, 44, 648, 24, 20, 22, 23, 921, 690]"
216,245,"[100, 776, 337, 189, 543, 71, 701, 82, 801, 169]"
217,247,"[249, 503, 214, 699, 890, 534, 239, 483, 166, 238]"
218,248,"[176, 330, 559, 179, 400, 98, 126, 181, 485, 381]"
219,249,"[674, 279, 704, 558, 23, 516, 61, 102, 649, 972]"
220,250,"[764, 676, 715, 559, 716, 516, 61, 102, 24, 20]"
221,252,"[152, 64, 67, 106, 445, 19, 174, 478, 540, 796]"
222,253,"[272, 623, 289, 178, 892, 426, 188, 63, 58, 180]"
223,255,"[85, 229, 294, 944, 177, 931, 64, 405, 769, 744]"
224,256,"[334, 61, 222, 294, 427, 429, 431, 1, 717, 63]"
225,257,"[554, 356, 782, 386, 899, 517, 655, 145, 285, 194]"
226,258,"[734, 621, 686, 223, 642, 914, 915, 725, 219, 576]"
227,260,"[290, 590, 534, 452, 564, 31, 537, 273, 334, 152]"
228,261,"[390, 334, 724, 789, 790, 350, 32, 2, 387, 5]"
229,262,"[576, 149, 574, 232, 233, 229, 231, 242, 245, 247]"
230,263,"[66, 539, 274, 690, 55, 19, 127, 169, 354, 839]"
231,264,"[462, 144, 137, 143, 636, 564, 633, 72, 386, 46]"
232,265,"[304, 524, 196, 796, 542, 860, 736, 108, 364, 501]"
233,267,"[364, 501, 157, 57, 795, 675, 238, 735, 315, 283]"
234,268,"[4, 74, 460, 526, 118, 475, 294, 333, 334, 335]"
235,269,"[419, 836, 54, 888, 732, 837, 133, 366, 883, 275]"
236,270,"[562, 344, 415, 571, 654, 649, 470, 392, 822, 80]"
237,271,"[602, 443, 93, 322, 470, 326, 890, 99, 176, 178]"
238,272,"[798, 675, 239, 32, 57, 208, 520, 179, 222, 543]"
239,273,"[157, 645, 798, 244, 668, 425, 906, 362, 269, 622]"
240,274,"[296, 488, 552, 663, 890, 859, 470, 326, 309, 128]"
241,275,"[483, 67, 384, 315, 299, 631, 474, 565, 774, 574]"
242,276,"[344, 318, 67, 35, 389, 936, 937, 715, 498, 61]"
243,277,[511]
244,278,"[815, 248, 633, 761, 207, 99, 932, 210, 418, 501]"
245,279,"[102, 761, 693, 564, 486, 176, 495, 469, 248, 353]"
246,280,"[137, 21, 690, 590, 504, 534, 44, 648, 767, 392]"
247,281,"[61, 605, 214, 23, 381, 97, 676, 482, 57, 307]"
248,282,"[388, 469, 119, 953, 410, 359, 76, 398, 979, 344]"
249,283,"[278, 157, 417, 63, 162, 156, 126, 736, 283, 669]"
250,284,"[590, 509, 365, 510, 694, 111, 229, 551, 648, 167]"
251,285,"[278, 417, 353, 724, 614, 615, 735, 762, 59, 165]"
252,287,"[947, 228, 132, 346, 348, 349, 287, 899, 36, 425]"
253,288,"[358, 463, 795, 61, 166, 721, 930, 42, 911, 11]"
254,289,"[633, 222, 48, 49, 50, 51, 752, 753, 754, 406]"
255,290,"[37, 511, 311, 20, 21, 22, 23, 400, 58, 399]"
256,291,"[110, 908, 886, 947, 550, 320, 153, 883, 868, 321]"
257,292,"[91, 667, 318, 543, 413, 71, 76, 64, 483, 123]"
258,293,"[820, 248, 171, 410, 144, 71, 17, 391, 807, 392]"
259,294,"[489, 156, 969, 940, 773, 142, 2, 271, 176, 788]"
260,295,"[454, 425, 128, 398, 367, 723, 947, 550, 730, 547]"
261,296,"[825, 227, 773, 345, 791, 398, 246, 234, 242, 247]"
262,297,"[294, 201, 949, 426, 58, 61, 32, 132, 638, 85]"
263,298,"[659, 111, 293, 137, 171, 44, 346, 222]"
264,299,"[309, 489, 469, 428, 104, 858, 861, 662, 833, 534]"
265,300,"[44, 157, 142, 590, 550, 553, 93, 8, 814, 139]"
266,301,"[676, 663, 277, 69, 557, 483, 307, 166, 674, 4]"
267,303,"[375, 24, 227, 813, 330, 795, 36, 320, 511, 822]"
268,304,"[765, 416, 668, 376, 71, 392, 568, 238, 495, 208]"
269,307,"[410, 590, 157, 679, 682, 372, 373, 134, 248, 592]"
270,308,"[346, 347, 348, 287, 134, 63, 503, 380, 5, 740]"
271,309,"[24, 20, 21, 23, 290, 547, 644, 838, 137, 14]"
272,310,"[495, 100, 458, 756, 673, 637, 51, 565, 572, 337]"
273,311,"[71, 164, 328, 363, 370, 371, 372, 373, 374, 459]"
274,313,"[663, 762, 174, 719, 928, 385, 554, 466, 499, 451]"
275,314,"[176, 758, 269, 744, 179, 563, 272, 729, 756, 546]"
276,315,"[494, 778, 768, 962, 878, 602, 762, 222, 187, 451]"
277,316,"[109, 220, 221, 222, 223, 642, 230, 914, 915, 725]"
278,317,"[792, 886, 207, 33, 455, 328, 301, 78, 441, 32]"
279,318,"[2, 166, 529, 623, 246, 317, 341, 135, 1, 3]"
280,319,"[58, 59, 676, 715, 124, 399, 74, 99, 101, 704]"
281,321,"[137, 152, 142, 649, 346, 590, 758, 141, 159, 143]"
282,322,"[414, 323, 244, 668, 655, 145, 747, 139, 304, 856]"
283,323,"[469, 2, 475, 189, 129, 185, 591, 719, 278, 333]"
284,324,"[210, 85, 907, 543, 793, 72, 604, 370, 303, 365]"
285,325,"[158, 11, 654, 304, 856, 600, 206, 646, 547, 403]"
286,326,"[707, 671, 944, 147, 128, 297, 822, 628, 470, 947]"
287,327,"[132, 63, 461, 176, 147, 496, 73, 130, 559, 57]"
288,328,"[132, 825, 969, 51, 928, 385, 554, 499, 894, 67]"
289,329,"[550, 112, 110, 321, 459, 509, 592, 207, 881, 763]"
290,330,"[297, 303, 631, 357, 477, 346, 605, 903, 125, 738]"
291,331,"[33, 287, 97, 3, 93, 94, 95, 332, 529, 83]"
292,333,"[152, 375, 261, 638, 175, 388, 872, 469, 953, 410]"
293,334,"[469, 724, 671, 19, 361, 246, 425, 4, 786, 526]"
294,335,"[792, 239, 796, 736, 108, 801, 473, 463, 161, 158]"
295,336,"[344, 274, 739, 980, 109, 219, 221, 222, 223, 105]"
296,337,"[504, 461, 171, 509, 346, 767, 609, 607, 144, 222]"
297,338,"[58, 503, 672, 623, 269, 116, 132, 320, 587, 413]"
298,339,"[33, 61, 283, 123, 939, 35, 578, 581, 126, 536]"
299,340,"[522, 820, 834, 83, 157, 56, 57, 53, 55, 381]"
300,341,"[329, 330, 332, 137, 138, 139, 140, 142, 143, 144]"
301,342,"[316, 106, 321, 592, 591, 577, 845, 120, 109, 220]"
302,343,"[244, 610, 643, 772, 773, 614, 747, 562, 309, 344]"
303,344,"[1, 451, 316, 646, 70, 736, 283, 276, 185, 438]"
304,346,"[177, 65, 66, 67, 68, 69, 256, 258, 260, 254]"
305,347,"[552, 536, 963, 453, 968, 153, 249, 322, 859, 470]"
306,348,"[99, 157, 64, 171, 456, 367, 631, 469, 390, 381]"
307,349,"[185, 438, 543, 586, 894, 895, 549, 1, 646, 70]"
308,350,"[366, 16, 724, 350, 786, 99, 523, 659, 112, 51]"
309,351,"[126, 405, 165, 551, 14, 61, 142, 143, 128, 160]"
310,352,"[484, 804, 73, 882, 254, 44, 67, 19, 41, 412]"
311,353,"[412, 782, 356, 286, 284, 551, 141, 656, 402, 346]"
312,354,"[97, 38, 117, 120, 121, 122, 123, 124, 61, 126]"
313,355,"[623, 63, 114, 309, 553, 41, 410, 534, 67, 463]"
314,356,"[57, 267, 44, 31, 704, 828, 716, 17, 570, 474]"
315,357,"[311, 165, 355, 581, 723, 829, 354, 180, 259, 157]"
316,358,"[110, 550, 321, 112, 881, 311, 545, 4, 968, 249]"
317,359,"[167, 574, 643, 909, 302, 656, 565, 736, 353, 483]"
318,360,"[278, 417, 762, 59, 165, 736, 283, 669, 197, 238]"
319,361,"[143, 138, 504, 243, 71, 648, 137, 229, 590, 688]"
320,362,"[302, 32, 2, 387, 5, 646, 361, 143, 785, 786]"
321,363,"[709, 362, 908, 497, 723, 244, 823, 252, 894, 903]"
322,364,"[763, 895, 184, 134, 560, 323, 356, 782, 67, 390]"
323,365,"[137, 142, 630, 564, 931, 267, 461, 316, 839, 138]"
324,366,"[266, 570, 701, 16, 475, 790, 623, 40, 41, 44]"
325,367,"[576, 420, 579, 230, 106, 304, 795, 353, 903, 4]"
326,368,"[413, 157, 117, 120, 160, 942, 503, 560, 758, 225]"
327,369,"[58, 835, 630, 124, 864, 772, 478, 425, 690, 595]"
328,370,"[177, 160, 758, 73, 42, 353, 410, 64, 99, 117]"
329,371,"[323, 239, 106, 149, 366, 363, 367, 792, 801, 473]"
330,372,"[316, 230, 123, 622, 474, 302, 823, 605, 591, 623]"
331,373,"[322, 861, 296, 488, 552, 663]"
332,374,"[463, 227, 439, 226, 246, 121, 416, 528, 124, 159]"
333,375,[]
334,376,"[451, 645, 589, 594, 919, 666, 763, 578, 900, 581]"
335,377,"[509, 384, 638, 210, 73, 480, 184, 51, 69, 425]"
336,378,"[337, 931, 749, 707, 832, 407, 907, 567, 382, 770]"
337,379,"[795, 688, 730, 341, 199, 321, 642, 106, 753, 316]"
338,380,"[104, 858, 644, 322, 470, 326, 890, 96, 97, 3]"
339,381,"[137, 704, 55, 365, 509, 510, 76, 77, 78, 79]"
340,382,"[63, 126, 462, 500, 73, 334, 426, 59, 60, 120]"
341,383,"[873, 874, 875, 886, 723, 550, 671, 907, 719, 224]"
342,385,"[623, 790, 622, 390, 576, 309, 188, 547, 690, 786]"
343,386,"[279, 674, 457, 82, 343, 177, 835, 323, 557, 212]"
344,387,"[543, 589, 594, 918, 919, 666, 763, 0, 1, 646]"
345,388,"[469, 838, 103, 475, 317, 246, 671, 562, 132, 349]"
346,389,"[280, 507, 463, 608, 131, 798, 767, 195, 197, 265]"
347,390,"[733, 642, 230, 136, 649, 592, 591, 477, 321, 128]"
348,392,"[675, 524, 758, 56, 53, 54, 55, 90, 604, 605]"
349,393,"[396, 98, 157, 24, 58, 37, 399, 688, 730, 731]"
350,396,"[16, 724, 900, 672, 838, 103, 475, 790, 911, 272]"
351,397,"[89, 18, 92, 90, 80, 318, 667, 414, 225, 809]"
352,398,"[556, 590, 63, 564, 833, 328, 474, 433, 459, 214]"
353,399,"[321, 1, 510, 3, 723, 110, 611, 764, 788, 145]"
354,400,"[635, 406, 71, 174, 409, 898, 795, 169, 47, 752]"
355,401,"[804, 161, 5, 600, 334, 856, 399, 2, 3, 4]"
356,402,[]
357,403,"[166, 781, 451, 59, 559, 99, 160, 132, 184, 32]"
358,404,"[390, 733, 639, 623, 398, 409, 152, 413, 120, 533]"
359,405,"[157, 581, 367, 550, 202, 291, 299, 347, 556, 176]"
360,407,"[384, 382, 383, 85, 80, 413, 318, 470, 474, 307]"
361,408,"[157, 2, 561, 413, 554, 560, 227, 181, 176, 61]"
362,409,"[197, 238, 144, 883, 472, 329, 425, 500, 366, 195]"
363,410,"[26, 63, 881, 723, 120, 758, 459, 475, 25, 27]"
364,411,"[798, 157, 145, 367, 147, 304, 501, 51, 359, 547]"
365,413,"[316, 410, 162, 470, 248, 407, 795, 439, 67, 381]"
366,414,[]
367,415,"[230, 4, 472, 509, 725, 914, 835, 619, 313, 314]"
368,416,"[67, 152, 65, 473, 276, 17, 303, 537, 197, 565]"
369,417,"[459, 63, 315, 737, 744, 712, 269, 557, 784, 348]"
370,418,"[130, 548, 38, 903, 72, 812, 57, 602, 63]"
371,419,"[503, 210, 61, 73, 132, 53, 134, 284, 958, 52]"
372,420,"[304, 364, 748, 796, 473, 269, 675, 238, 886, 137]"
373,422,"[271, 788, 4, 509, 176, 829, 413, 365, 359, 536]"
374,423,"[316, 534, 126, 543, 61, 642, 4, 723, 110, 676]"
375,424,"[4, 166, 112, 741, 106, 802, 451, 320, 73, 316]"
376,425,"[119, 410, 123, 731, 316, 307, 120, 678, 322, 108]"
377,426,"[534, 795, 833, 296, 488, 662, 663, 322, 859, 470]"
378,427,"[718, 285, 556, 129, 493, 824, 604, 797, 174, 145]"
379,428,"[474, 579, 90, 41, 42, 44, 45, 46, 21, 235]"
380,429,"[229, 724, 297, 789, 390, 624, 625, 370, 626, 407]"
381,431,"[436, 316, 101, 470, 610, 761, 66, 704, 320, 568]"
382,432,"[169, 72, 73, 74, 75, 751, 387, 462, 739, 353]"
383,433,"[99, 184, 296, 16, 353, 724, 361, 275, 362, 145]"
384,434,"[382, 944, 830, 929, 590, 839, 328, 69, 294, 229]"
385,435,"[740, 573, 366, 415, 323, 744, 382, 811, 882, 166]"
386,436,"[452, 766, 806, 591]"
387,437,"[35, 167, 617, 171, 174, 591, 623, 724, 725, 126]"
388,438,"[433, 179, 126, 181, 834, 83, 732, 586, 395, 199]"
389,439,"[109, 220, 221, 222, 223, 642, 230, 914, 915, 725]"
390,441,"[827, 890, 534, 320, 883, 868, 723, 207, 241, 250]"
391,442,"[687, 648, 127, 41, 568, 21, 767, 833, 890, 267]"
392,444,"[597, 208, 494, 634, 100, 337, 189, 830, 543, 641]"
393,446,"[38, 454, 35, 716, 288, 287, 576, 913, 52, 455]"
394,447,"[67, 390, 466, 467, 469, 470]"
395,448,"[471, 166, 381, 239, 2, 510, 357, 538, 581, 171]"
396,449,"[825, 143, 402, 829, 262, 134, 137, 156, 227, 743]"
397,450,"[793, 210, 120, 410, 326, 126, 13, 382, 638, 144]"
398,451,"[44, 564, 176, 503, 593, 143, 144, 504, 560, 41]"
399,452,"[69, 82, 707, 214, 254, 315, 322, 101, 847, 267]"
400,453,"[509, 812, 57, 211, 212, 213, 382, 292, 712, 465]"
401,454,"[191, 141, 193, 630, 277, 509, 143, 275, 504, 638]"
402,455,"[40, 474, 90, 576, 578, 581, 230, 106, 304, 930]"
403,456,"[350, 206, 33, 246, 559, 332, 562, 157, 52, 535]"
404,457,"[704, 645, 144, 528, 604, 509, 766, 800, 1, 449]"
405,458,"[294, 591, 766, 806, 967, 448, 0, 384, 451, 413]"
406,459,"[52, 723, 509, 310, 581, 317, 2, 736, 475, 472]"
407,460,"[0, 623, 771, 127, 509, 448, 384, 451, 413, 447]"
408,461,"[85, 99, 210, 380, 223, 152, 415, 324, 45, 260]"
409,462,"[194, 310, 69, 176, 160, 357, 358, 359, 360, 212]"
410,463,"[889, 346, 496, 353, 361, 790, 45, 657, 658, 660]"
411,464,"[560, 899, 765, 145, 328, 57, 928, 385, 466, 499]"
412,465,"[321, 475, 590, 897, 101, 676, 313, 246, 317, 642]"
413,466,"[139, 687, 689, 690, 369, 152, 506, 31, 547, 644]"
414,467,"[68, 99, 296, 2, 462, 145, 295, 179, 157, 366]"
415,468,"[166, 350, 724, 579, 484, 307, 349, 196, 529, 199]"
416,469,"[99, 496, 361, 790, 111, 416, 769, 581, 621, 660]"
417,470,"[898, 899, 557, 782, 654, 726, 857, 412, 192, 407]"
418,471,"[126, 106, 471, 825, 773, 743, 224, 225, 226, 228]"
419,472,"[776, 189, 416, 457, 495, 222, 8, 436, 752, 753]"
420,474,"[388, 246, 628, 44, 359, 474, 55, 76, 821, 564]"
421,475,"[272, 426, 469, 63, 128, 33, 585, 586, 587, 588]"
422,476,"[66, 391, 648, 81, 564, 504, 261, 262, 264, 265]"
423,477,"[390, 200, 403, 596, 85, 119, 152, 330, 845, 230]"
424,478,"[719, 110, 320, 497, 709, 112, 881, 792, 748, 347]"
425,480,"[416, 676, 10, 6, 7, 265, 882, 225, 546, 279]"
426,481,"[304, 564, 796, 21, 675, 238, 714, 508, 210, 382]"
427,483,"[776, 337, 830, 543, 187, 235, 806, 436, 63, 265]"
428,484,"[82, 246, 344, 65, 345, 540, 541, 144, 628, 630]"
429,485,"[640, 821, 398, 144, 630, 343, 322, 859, 326, 890]"
430,486,"[117, 938, 160, 923, 765, 428, 18, 219, 669, 410]"
431,487,"[612, 528, 610, 613, 678, 201, 10, 436, 376, 800]"
432,488,"[624, 430, 42, 878, 911, 71, 519, 233, 778, 206]"
433,489,"[104, 858, 602, 443, 93, 322, 470, 326, 890]"
434,491,"[126, 121, 29, 124, 463, 61, 82, 169, 71, 16]"
435,493,"[322, 67, 628, 436, 565, 620, 326, 68, 259, 469]"
436,494,"[426, 61, 294, 427, 429, 334, 431, 648, 608, 609]"
437,495,"[930, 266, 701, 810, 811, 492, 813, 366, 400, 297]"
438,496,"[106, 227, 945, 283, 453, 275, 611, 321, 815, 506]"
439,497,"[99, 614, 364, 283, 105, 483, 208, 74, 101, 835]"
440,498,"[145, 643, 124, 618, 149, 909, 302, 656, 565, 407]"
441,499,"[345, 392, 343, 668, 246, 367, 573, 388, 360, 126]"
442,502,"[134, 349, 58, 348, 72, 130, 744, 557, 257, 644]"
443,509,"[773, 132, 184, 466, 227, 743, 162, 940, 142, 833]"
444,511,"[722, 105, 783, 89, 18, 91, 92, 57, 604, 605]"
445,514,"[723, 407, 347, 228, 886, 550, 289, 475, 317, 246]"
446,520,"[451, 804, 425, 179, 71, 509, 477, 433, 85, 407]"
447,521,"[345, 65, 343, 751, 387, 462, 71, 109, 219, 221]"
